#x	y	yerr
0.0	-1.11265198677	-0.0944423568745
0.0157236869549	-1.27757533373	0.0417483137964
0.0314473739098	-1.02966700649	0.0726183258555
0.0471710608647	-0.718756276111	-0.0213550655246
0.0628947478196	-0.777113244209	0.0436697491315
0.0786184347745	-1.06982425538	0.0808803699012
0.0943421217294	-0.772091694227	-0.0370309494264
0.110065808684	-0.646948965476	-0.0839305669954
0.125789495639	-0.775417522298	0.0664762497827
0.141513182594	-0.579317432856	-0.123466348256
0.157236869549	-0.542406450997	-0.0750047365949
0.172960556504	-0.548289283248	0.125678594191
0.188684243459	-0.523181463017	0.129714175538
0.204407930414	-0.445834764482	0.0353055706281
0.220131617369	-0.518866990215	0.132396819668
0.235855304324	-0.333685211161	0.0631137495081
0.251578991278	-0.382197805581	0.143867988644
0.267302678233	-0.11106367124	-0.0390884333484
0.283026365188	-0.094057222486	0.0619753993613
0.298750052143	-0.0438359781204	0.283878605104
0.314473739098	-0.0563629873011	-0.113299083817
0.330197426053	-0.187279455735	0.104724562197
0.345921113008	0.319979482757	-0.0305612522255
0.361644799963	0.0740866119718	0.0575564742773
0.377368486918	0.11369690946	0.00418607511542
0.393092173873	0.216531248896	0.0603746850687
0.408815860828	0.145556523023	0.0464395557037
0.424539547782	0.0686484776681	0.1169832732
0.440263234737	0.155200994492	0.0413206963348
0.455986921692	0.221618607811	0.0450905624394
0.471710608647	0.213570049733	0.00932202362819
0.487434295602	0.317709852068	0.00915862561841
0.503157982557	0.176963981625	-0.0672495582735
0.518881669512	0.146863046285	0.0672839111509
0.534605356467	0.19881291466	0.0940529771952
0.550329043422	0.366206702658	0.0439675364975
0.566052730377	0.371936437638	-0.0668851019595
0.581776417331	0.319546338279	-0.0575855868715
0.597500104286	0.385507966972	0.315352271584
0.613223791241	0.266005127574	0.174010242529
0.628947478196	0.313086123224	-0.235270398352
0.644671165151	0.298124989589	-0.0753358742047
0.660394852106	0.244549832514	0.0388327868097
0.676118539061	0.355486943925	-0.0483189426081
0.691842226016	0.347447903614	0.00964812841952
0.707565912971	0.384684466564	0.097149907415
0.723289599926	0.375360802458	-0.12847675449
0.73901328688	0.321683852743	-0.0421057272814
0.754736973835	0.281015334372	0.0385373527853
0.77046066079	0.422739122399	0.0316221424446
0.786184347745	0.237556545633	-0.0300922250371
0.8019080347	0.240637932615	0.0909920200609
0.817631721655	0.312177199755	-0.059729503925
0.83335540861	0.463924734901	0.0516667211272
0.849079095565	0.367481346551	0.0613671952865
0.86480278252	0.295274627604	0.0605167283941
0.880526469475	0.534154927629	-0.0623139867189
0.89625015643	0.418312145866	-0.147680326102
0.911973843384	0.493991786079	-0.0546479996058
0.927697530339	0.591988949166	0.0714413703856
0.943421217294	0.32378475188	-0.0250975947938
0.959144904249	0.596501481294	-0.0207462420902
0.974868591204	0.265782525903	0.114480343357
0.990592278159	0.52344826902	-0.0764113925974
1.00631596511	0.5564423403	0.065827411417
1.02203965207	0.427827279891	-0.0580382266277
1.03776333902	0.562887939427	-0.034544951421
1.05348702598	0.509328479011	0.183229204595
1.06921071293	0.572724656355	-0.184514377031
1.08493439989	0.730940343482	0.0103210774078
1.10065808684	0.533367542641	0.0632462694907
1.1163817738	0.69813242537	-0.00163250119874
1.13210546075	0.574883217486	0.0614235861693
1.14782914771	0.601821403615	-0.0322798331874
1.16355283466	0.660289441883	-0.217399372511
1.17927652162	0.662549920741	-0.0269689231259
1.19500020857	0.799709424317	0.0331527485187
1.21072389553	0.760116912959	-0.0632806698861
1.22644758248	0.893524970952	-0.0904711308329
1.24217126944	0.65308785904	-0.129613913246
1.25789495639	0.725442506661	0.1852232737
1.27361864335	0.699394353646	0.126346558306
1.2893423303	0.844007113975	0.0397247651472
1.30506601726	0.936930578175	0.0143367455019
1.32078970421	0.894946987924	0.0665609508843
1.33651339117	0.955112740813	-0.0251162921969
1.35223707812	0.774224032752	-0.0618826456035
1.36796076508	0.635940330146	0.0816771434183
1.38368445203	0.740285862626	0.0497260138061
1.39940813899	0.75772748241	-0.118157148347
1.41513182594	0.785447696155	0.0184824469505
1.4308555129	0.665438586994	-0.115321147535
1.44657919985	0.691060949052	0.11088017551
1.46230288681	0.64715718074	-0.0477909243433
1.47802657376	0.711832587485	-0.0289178521687
1.49375026072	0.610787808807	-0.0868598560842
1.50947394767	0.627259707171	-0.118515510907
1.52519763463	0.490931198678	-0.139974228013
1.54092132158	0.622144663984	-0.00412509057039
1.55664500854	0.436011586753	0.0459396030394
1.57236869549	0.496087495244	-0.0065475753443
1.58809238245	0.498202661002	-0.0980433825297
1.6038160694	0.244062300158	-0.0162834367375
1.61953975636	0.44395095228	0.0692511641153
1.63526344331	0.236785527901	0.049928507363
1.65098713026	0.386368208104	0.0933951503459
1.66671081722	0.108037137018	-0.146525069025
1.68243450417	0.0496230367171	0.0250089532465
1.69815819113	0.0251671124141	-0.0239994697043
1.71388187808	-0.11087661894	-0.00999083555183
1.72960556504	-0.157167203562	0.0594100927623
1.74532925199	-0.315049887712	0.0348884043927
1.76105293895	-0.173015004564	-0.052381698095
1.7767766259	-0.396558403974	-0.129808705473
1.79250031286	-0.321549646652	0.142528492609
1.80822399981	-0.238721085715	-0.0471195987225
1.82394768677	-0.638955450047	-0.158167285514
1.83967137372	-0.331873460137	-0.076117893092
1.85539506068	-0.64483713815	0.0552055229856
1.87111874763	-0.659086178471	0.00616429554276
1.88684243459	-0.73248423599	-0.104384733
1.90256612154	-0.899282948971	-0.142526548489
1.9182898085	-0.930741418468	-0.0234345278987
1.93401349545	-0.956515456089	-0.160314813232
1.94973718241	-0.967280842448	0.020346519437
1.96546086936	-1.21138787427	-0.159086990977
1.98118455632	-1.22331724257	-0.00885369188189
1.99690824327	-1.2584996492	0.0242235318334
2.01263193023	-1.18594818963	0.0356422573328
2.02835561718	-1.42667864592	0.136373600269
2.04407930414	-1.71727357284	0.0797406859227
2.05980299109	-1.26480541902	0.0142482473707
2.07552667805	-1.34177072994	-0.0432850248473
2.091250365	-1.51288438032	0.0652671605726
2.10697405196	-1.51904291486	-0.047028351227
2.12269773891	-1.62063653151	-0.124417823317
2.13842142587	-1.34729870748	0.13074842091
2.15414511282	-1.5502130908	0.0761052454794
2.16986879978	-1.41019190504	-0.164075832548
2.18559248673	-1.46714595528	-0.0456272749052
2.20131617369	-1.25957889766	-0.0686945075351
2.21703986064	-1.5496886069	-0.0241019198388
2.2327635476	-1.48361161244	-0.022007243198
2.24848723455	-1.31123020481	-0.0694671738065
2.26421092151	-1.38030545181	0.253259167509
2.27993460846	-1.34918773687	0.0852884227217
2.29565829542	-1.18169757126	0.0885401946205
2.31138198237	-1.19045012833	-0.00985018800372
2.32710566933	-1.2491102368	-0.12407771491
2.34282935628	-1.05796618228	0.111864384457
2.35855304324	-1.08751312433	0.140301274868
2.37427673019	-0.934758727983	-0.0662925400542
2.39000041715	-0.861563691852	-0.0800513458137
2.4057241041	-0.914300193915	-0.0821544669369
2.42144779106	-0.794366839577	-0.000914480016372
2.43717147801	-0.817617471139	0.0368502388168
2.45289516497	-0.55198624442	-0.12794455745
2.46861885192	-0.355734581967	-0.173535221604
2.48434253887	-0.351481710644	-0.0174551113218
2.50006622583	-0.296501020452	-0.0176069326372
2.51578991278	-0.324336896686	0.134486734622
2.53151359974	-0.272615044615	0.103083190307
2.54723728669	-0.134026592704	0.0400748810397
2.56296097365	-0.21498008664	0.0746211681116
2.5786846606	0.0565496118594	-0.0832146349275
2.59440834756	0.12578001783	0.0269494504473
2.61013203451	0.225314838878	0.0887672599621
2.62585572147	0.26128319935	0.104489753524
2.64157940842	0.403465550398	-0.0844049380684
2.65730309538	0.385869927444	0.00599325655989
2.67302678233	0.569656484534	0.215943854016
2.68875046929	0.659747476984	-0.118020167046
2.70447415624	0.56918591793	0.213888616241
2.7201978432	0.791565745662	0.0358170211287
2.73592153015	0.683018970496	-0.102907664999
2.75164521711	0.922675845497	0.143190101651
2.76736890406	0.837537719478	-0.11782945961
2.78309259102	0.949329148168	0.163644382016
2.79881627797	0.881941768621	-0.19457198908
2.81453996493	0.910441645051	0.0177877605369
2.83026365188	1.00493665245	-0.00548129211424
2.84598733884	1.05146060254	0.114303830834
2.86171102579	1.17121561925	-0.110263184616
2.87743471275	1.22583661259	0.238218987445
2.8931583997	1.1488245867	-0.112933912962
2.90888208666	1.23860853306	-0.0785486847434
2.92460577361	1.28583254585	-0.0477381651586
2.94032946057	1.14956116365	-0.0372850265525
2.95605314752	1.23216459384	0.199569924372
2.97177683448	1.25164737224	-0.0456896810346
2.98750052143	1.16564890524	-0.104591126281
3.00322420839	1.26650847881	-0.121766449395
3.01894789534	1.36526844653	0.00710049473483
3.0346715823	1.24201603057	-0.0122200099247
3.05039526925	1.12018781411	0.0278277279816
3.06611895621	1.14385174544	-0.0951182434795
3.08184264316	1.1974317551	0.00224171512755
3.09756633012	1.08859363203	-0.0854001991916
3.11329001707	1.05713189469	0.00256249415736
3.12901370403	1.04337202544	0.00510569427965
3.14473739098	0.791943189628	-0.0747154374643
3.16046107794	0.974671267061	0.105165573435
3.17618476489	0.847511158311	-0.0434296976605
3.19190845185	0.704509655478	0.0716382889525
3.2076321388	0.975505289716	0.049849900118
3.22335582576	0.729050317385	-0.0782753444068
3.23907951271	0.806112063488	-0.228550111036
3.25480319967	0.783968573661	0.0122474768292
3.27052688662	0.646936811319	-0.0475224708099
3.28625057357	0.389634789603	0.00156282436319
3.30197426053	0.571604359309	0.0545460405024
3.31769794748	0.578690518875	0.00943667373865
3.33342163444	0.272362687334	-0.126886458139
3.34914532139	0.405106359287	-0.0395945740459
3.36486900835	0.42157780733	-0.128570338256
3.3805926953	0.461216462705	-0.0478426765923
3.39631638226	0.375024392677	0.0378719306707
3.41204006921	0.204219510095	-0.0478698784651
3.42776375617	-0.0766522013835	-0.0647580036704
3.44348744312	0.0729127185755	-0.0248733076709
3.45921113008	0.138562794252	-0.0465276653764
3.47493481703	0.0397437927361	0.028628950742
3.49065850399	-0.034468433274	0.0651812381258
3.50638219094	-0.0294646792326	-0.16583799905
3.5221058779	0.028704662991	0.0615140075355
3.53782956485	-0.085831185799	0.0446462625908
3.55355325181	-0.0691434218395	-0.0497094532627
3.56927693876	-0.159884079171	-0.0964226233789
3.58500062572	-0.146748688361	-0.0555148925614
3.60072431267	-0.161277734817	-0.144981051955
3.61644799963	-0.02554910443	-0.124662068877
3.63217168658	-0.202802146176	0.0793120642589
3.64789537354	-0.333540211308	-0.0874064592101
3.66361906049	-0.271570287065	-0.0666882157833
3.67934274745	-0.303165096328	-0.102269809436
3.6950664344	-0.409821875532	0.173220831401
3.71079012136	-0.13235951248	0.0357765322821
3.72651380831	-0.319399463262	-0.0721573217855
3.74223749527	-0.230776072149	-0.0216460302772
3.75796118222	-0.379763103397	0.168324783274
3.77368486918	-0.338690410079	0.0672296950343
3.78940855613	-0.403067965138	-0.127462513926
3.80513224309	-0.368962019314	-0.121579187743
3.82085593004	-0.333326529796	0.0186606741484
3.836579617	-0.236062967365	0.086489077792
3.85230330395	-0.425224764196	0.067690752682
3.86802699091	-0.100075046869	-0.0236369081081
3.88375067786	-0.275418481745	0.00133060518585
3.89947436482	-0.444991276024	0.00329956001786
3.91519805177	-0.445688476404	0.0916899624282
3.93092173873	-0.251744922115	-0.240104568301
3.94664542568	-0.239069993445	0.0205238512314
3.96236911264	-0.292222885367	-0.120035002589
3.97809279959	-0.418960315094	0.032039439856
3.99381648655	-0.0463381418685	0.158913568435
4.0095401735	-0.370958499757	0.0752137241934
4.02526386046	-0.40434925562	-0.0342613542998
4.04098754741	-0.469963371786	-0.0839679251118
4.05671123437	-0.416024443772	-0.0127847153114
4.07243492132	-0.380937845408	-0.0716753783941
4.08815860828	-0.330560441091	-0.0335888232715
4.10388229523	-0.642161234191	0.17813848907
4.11960598218	-0.293619228534	-0.00278625960761
4.13532966914	-0.455222523877	-0.0958649811968
4.15105335609	-0.494139859792	0.0898148158241
4.16677704305	-0.54653019246	0.182001953152
4.18250073	-0.518724448523	0.0971876563048
4.19822441696	-0.622199698082	0.00671165674805
4.21394810391	-0.488263248493	-0.159896924941
4.22967179087	-0.49268498947	0.0255511991883
4.24539547782	-0.778919036756	-0.0902111657527
4.26111916478	-0.513735395386	-0.0432732258627
4.27684285173	-0.877325246073	-0.0136800559576
4.29256653869	-0.640205403257	-0.136901997758
4.30829022564	-0.843944899489	0.0731476344842
4.3240139126	-0.689943372331	-0.0741986318177
4.33973759955	-0.776653599277	0.104912237219
4.35546128651	-0.832741826407	0.106174488168
4.37118497346	-0.733135941122	0.0426885945278
4.38690866042	-0.716493522052	-0.0490205561934
4.40263234737	-1.10151771276	-0.11054618345
4.41835603433	-0.864106924005	0.102623625937
4.43407972128	-0.929872730029	-0.0666958968082
4.44980340824	-0.912497818437	-0.106626484229
4.46552709519	-0.894587545364	-0.0439869355806
4.48125078215	-0.815496435969	0.292645120772
4.4969744691	-0.853635638752	0.1613537534
4.51269815606	-0.970029542627	0.0593986306747
4.52842184301	-0.721233366143	-0.105795825159
4.54414552997	-0.875400167099	-0.0395168414827
4.55986921692	-0.652793483603	-0.0162233420291
4.57559290388	-0.84445249898	0.0448931100535
4.59131659083	-0.619200022754	0.111142606383
4.60704027779	-0.851779656525	-0.0785214414865
4.62276396474	-0.649948472803	0.00676612222338
4.6384876517	-0.574430632931	0.00110711200889
4.65421133865	-0.891552182845	-0.0740638712138
4.66993502561	-0.57960800164	-0.00343332798721
4.68565871256	-0.486174476132	-0.0588902831094
4.70138239952	-0.68477667942	-0.0367533477759
4.71710608647	-0.532119135051	0.0794824967572
4.73282977343	-0.50080511383	-0.0605201255955
4.74855346038	-0.416275752572	-0.0618956899043
4.76427714734	-0.352603043922	0.0100556399424
4.78000083429	-0.279896152023	-0.0520768857778
4.79572452125	-0.0576803638779	-0.106364167262
4.8114482082	-0.0623105613693	0.0514333577605
4.82717189516	0.0243163992851	-0.0342364487734
4.84289558211	-0.108626493019	-0.064691555128
4.85861926907	0.118510241032	-0.0395725808041
4.87434295602	0.226797690318	-0.140920862846
4.89006664298	0.176631705657	-0.0328419517004
4.90579032993	0.274017144116	0.0746899900117
4.92151401688	0.490165158696	0.0454993349418
4.93723770384	0.419184126541	0.222963947429
4.95296139079	0.513902212046	0.010257920255
4.96868507775	0.588778416116	0.122767442565
4.9844087647	0.760862567188	-0.0647643564091
5.00013245166	0.781876303358	0.00863414164575
5.01585613861	0.823785317353	-0.0215265636493
5.03157982557	0.845898198707	0.0830387949581
5.04730351252	0.942044546897	0.0456477909576
5.06302719948	0.974015543973	-0.0545126036191
5.07875088643	0.918638981596	0.106086740676
5.09447457339	0.856209162174	-0.0291286176949
5.11019826034	1.06560240715	0.12769022362
5.1259219473	1.17167439444	0.0898833057056
5.14164563425	1.22005908687	-0.112039293456
5.15736932121	1.14968460629	-0.102493031262
5.17309300816	1.43633572915	-0.0426964426308
5.18881669512	1.47072110907	0.0531098313733
5.20454038207	1.38449665755	-0.00336602799949
5.22026406903	1.5498458448	-0.0145355108523
5.23598775598	1.32341097199	0.0935240555959
5.25171144294	1.36709003643	0.0188046005829
5.26743512989	1.37924686552	0.165992216087
5.28315881685	1.46106018452	0.19834377135
5.2988825038	1.27833942724	-0.289955563458
5.31460619076	1.47070932514	-0.0402243624451
5.33032987771	1.4321250104	0.129485574487
5.34605356467	1.39836980248	0.0862452877148
5.36177725162	1.49853651351	-0.0580972676401
5.37750093858	1.38009257103	-0.065305259631
5.39322462553	1.45071497799	-0.123127292034
5.40894831249	1.22556777443	0.167462431449
5.42467199944	1.37468819807	0.153036097056
5.4403956864	1.24161181148	0.0266091354268
5.45611937335	1.30138163905	-0.0916038825087
5.47184306031	1.1753689791	0.195049623793
5.48756674726	0.96325561624	-0.0849349629433
5.50329043422	1.04811246931	-0.0155699670277
5.51901412117	1.08356325267	0.298785657881
5.53473780813	0.84378541754	0.207042944558
5.55046149508	0.912395248943	0.117168574987
5.56618518204	0.962148893812	-0.0832907267159
5.58190886899	0.649067123949	-0.0215153590777
5.59763255595	0.844100529383	-0.0960895249011
5.6133562429	0.493483482824	0.00531480244385
5.62907992986	0.568183187294	0.0356626182115
5.64480361681	0.328967817245	-0.113768897641
5.66052730377	0.078054584817	-0.0411333728733
5.67625099072	0.267178594164	0.0528820965964
5.69197467768	0.0333383306087	-0.0383178143423
5.70769836463	0.0276671274695	0.054538918747
5.72342205159	0.0269481649229	-0.0954270600324
5.73914573854	-0.20918770736	-0.207166067463
5.75486942549	-0.0858228377835	-0.07922445635
5.77059311245	-0.287461523374	0.0493637033804
5.7863167994	-0.409567877334	0.113712736533
5.80204048636	-0.519493626281	0.0369215769756
5.81776417331	-0.614289193608	0.0264706281076
5.83348786027	-0.532253929979	0.0197100552759
5.84921154722	-0.583946802773	0.017323215554
5.86493523418	-0.844331858113	-0.0341687200658
5.88065892113	-0.781686515717	-0.0728099528137
5.89638260809	-0.863189807317	0.111850605355
5.91210629504	-0.899738659128	0.33066054496
5.927829982	-1.00753914998	0.0211121134516
5.94355366895	-1.09203384593	0.220607167439
5.95927735591	-1.02717408158	0.0257390121966
5.97500104286	-1.11937858115	0.12919842495
5.99072472982	-1.33049214168	-0.0972464063473
6.00644841677	-1.11979548549	-0.090465366948
6.02217210373	-1.17808891938	0.0683974827465
6.03789579068	-1.21421182541	-0.0249863900922
6.05361947764	-1.22732464942	0.0727286334518
6.06934316459	-1.30430988566	0.00191149411567
6.08506685155	-1.25377574129	-0.0640683562026
6.1007905385	-1.31305847656	-0.0798989696942
6.11651422546	-1.27343575956	-0.0850710281098
6.13223791241	-1.3315379362	0.0220425757254
6.14796159937	-1.10011676053	0.0608568745959
6.16368528632	-1.21493313901	-0.0525757154217
6.17940897328	-1.1882276204	-0.0820987058664
6.19513266023	-0.981233014501	0.0785342359236
6.21085634719	-1.07849469028	-0.0800708684445
6.22658003414	-1.30764285695	-0.108765107918
6.2423037211	-1.1546577086	-0.0971212612869
6.25802740805	-0.898753203358	0.0318656917612
6.27375109501	-1.0355033169	0.0791992119122
6.28947478196	-0.952055695754	-0.103624874192
6.30519846892	-0.928923373227	-0.0266175538076
6.32092215587	-1.01838792022	-0.12657996277
6.33664584283	-0.785441197336	-0.254620644156
6.35236952978	-0.970034323733	-0.120599674712
6.36809321674	-0.804692235943	0.0132405711382
6.38381690369	-0.70000189536	0.123209989941
6.39954059065	-0.584372357358	0.0633303283441
6.4152642776	-0.801200763937	-0.031678443448
6.43098796456	-0.546156589769	0.0922600563738
6.44671165151	-0.590427996978	-0.0556150248386
6.46243533847	-0.648814210467	0.196285937955
6.47815902542	-0.431963522363	0.00267919597745
6.49388271238	-0.311980829182	-0.154736449543
6.50960639933	-0.484552352743	-0.127107182574
6.52533008629	-0.370954686917	-0.0948905341814
6.54105377324	-0.372297616112	-0.0742377177129
6.55677746019	-0.250180569451	0.0568309083914
6.57250114715	0.0178947262728	-0.0555314666703
6.5882248341	-0.105482247015	0.0409696588085
6.60394852106	-0.0939125392092	-0.128735104342
6.61967220801	-0.0737271236538	0.0398732611923
6.63539589497	-0.085602419874	0.0925672554964
6.65111958192	-0.247318516429	-0.0299625119673
6.66684326888	0.0145413458231	0.204875984917
6.68256695583	0.176230847556	-0.141837658281
6.69829064279	0.166565041267	-0.0728600235744
6.71401432974	0.148540963455	0.0302217858321
6.7297380167	0.254848951455	0.108097858937
6.74546170365	0.113958829417	0.00960004213973
6.76118539061	0.214101184753	0.0574440151488
6.77690907756	0.0884405609047	-0.0393879673538
6.79263276452	0.120598775762	-0.0880408407793
6.80835645147	0.302186587763	-0.0817155203529
6.82408013843	0.226763441989	-0.01512385006
6.83980382538	0.109372918917	0.12670430735
6.85552751234	0.279354338937	-0.068207285496
6.87125119929	0.18174300876	0.0350314887513
6.88697488625	0.30383596374	-0.0756774834398
6.9026985732	0.393232919481	-0.00975505115129
6.91842226016	0.340149928239	0.0730441420968
6.93414594711	0.362815254203	-0.0270455617566
6.94986963407	0.316151632335	-0.238139703486
6.96559332102	0.319924273029	0.0337500505193
6.98131700798	0.39968042416	-0.0375166868422
6.99704069493	0.247911550269	-0.00217819865181
7.01276438189	0.41110694369	0.0302471845539
7.02848806884	0.42631460691	0.0060179250495
7.0442117558	0.196411520141	0.0511698024864
7.05993544275	0.314933152966	0.111198191096
7.07565912971	0.25872672848	-0.251586219467
7.09138281666	0.29320852072	-0.0732544070984
7.10710650362	0.446099167426	-0.0733757443118
7.12283019057	0.318163626022	-0.038245090329
7.13855387753	0.664335851277	0.124298536917
7.15427756448	0.277829152262	0.0615186690203
7.17000125144	0.42586455782	0.056563173886
7.18572493839	0.641093897711	0.0651372049633
7.20144862535	0.513953682632	0.0633656566518
7.2171723123	0.412744423669	-0.0366489987628
7.23289599926	0.491720969325	0.128607844045
7.24861968621	0.323050601845	-0.0919985395642
7.26434337317	0.305554656154	0.117298379964
7.28006706012	0.584156323101	0.0560983576369
7.29579074708	0.675335952272	-0.0197048095701
7.31151443403	0.483134246023	-0.0847058745398
7.32723812099	0.554642698386	-0.0857658024492
7.34296180794	0.784181943761	-0.0637986284543
7.3586854949	0.437474133265	0.0262354575048
7.37440918185	0.691378847915	-0.0772175163983
7.3901328688	0.614589910939	0.128171763345
7.40585655576	0.841759757727	0.0333720807909
7.42158024271	0.684441740219	0.0917044287506
7.43730392967	0.725287686876	-0.155388781013
7.45302761662	0.889922679578	0.132967481092
7.46875130358	0.506114544606	0.20227911405
7.48447499053	0.832530324171	0.123797228762
7.50019867749	0.96693091637	0.0315834264487
7.51592236444	0.67335652449	-0.178499899207
7.5316460514	0.746459400516	-0.0298740348232
7.54736973835	0.719258118513	0.0097990871063
7.56309342531	0.790847745893	-0.0149060396993
7.57881711226	0.726413335223	-0.164325875291
7.59454079922	0.857739244444	-0.173645762903
7.61026448617	0.907751899619	-0.0917676047275
7.62598817313	0.742902110631	0.0426154841017
7.64171186008	0.658076402908	0.169273008726
7.65743554704	0.871743908403	-0.172995940915
7.67315923399	0.760865682798	0.14108193947
7.68888292095	0.865373196552	0.0147581463152
7.7046066079	0.726456792411	0.167498892899
7.72033029486	0.896679913737	-0.12396236106
7.73605398181	0.817994584776	0.0430561221918
7.75177766877	0.790143728405	0.0423481783506
7.76750135572	0.582075766415	0.071459311054
7.78322504268	0.679555739508	-0.0835409123613
7.79894872963	0.548096817632	-0.21529132611
7.81467241659	0.829467608165	0.0311002686128
7.83039610354	0.564800119075	0.0933756615686
7.8461197905	0.405559482044	-0.0163177276906
7.86184347745	0.562713740374	0.023639270001
7.87756716441	0.617963613361	-0.081091780404
7.89329085136	0.519772440938	-0.129623466427
7.90901453832	0.334211702817	0.146948360167
7.92473822527	0.360924965685	-0.0449149278725
7.94046191223	0.0719347560235	-0.00242360493673
7.95618559918	0.207617819908	-0.0625070735556
7.97190928614	-0.0627466750465	-0.0482799436099
7.98763297309	0.00188998443117	0.0482932351618
8.00335666005	-0.200297080297	-0.0791172630978
8.019080347	0.0420694325427	-0.105201023336
8.03480403396	-0.399229052737	0.109870508404
8.05052772091	-0.0829742844078	0.118452359566
8.06625140787	-0.469065624244	0.237418459156
8.08197509482	-0.509672594724	-0.0725204301072
8.09769878178	-0.579215391905	-0.0283473095663
8.11342246873	-0.35593835967	-0.074655406025
8.12914615569	-0.589245810703	0.0301617225104
8.14486984264	-0.673928489704	-0.17468422266
8.1605935296	-0.744743215817	-0.0122429513388
8.17631721655	-0.905577541885	0.0162423826614
8.1920409035	-0.970479625534	0.26063653744
8.20776459046	-0.883660799646	-0.0304383183681
8.22348827741	-1.08404438495	-0.029667647841
8.23921196437	-1.15311780693	0.0924013819468
8.25493565132	-1.14592979103	0.0850404120203
8.27065933828	-1.22574194739	-0.0211160132644
8.28638302523	-1.28432639451	-0.0160416750512
8.30210671219	-1.24755343224	-0.148972734329
8.31783039914	-1.28529894759	0.0215563049238
8.3335540861	-1.31226037483	-0.0345075027084
8.34927777305	-1.38886139872	0.108450628186
8.36500146001	-1.51271905412	0.043168848848
8.38072514696	-1.48786558522	-0.284490903967
8.39644883392	-1.29966839706	-0.150865608408
8.41217252087	-1.53860583732	-0.104129316175
8.42789620783	-1.26680065974	-0.0733573101281
8.44361989478	-1.48274290213	-0.0296537929085
8.45934358174	-1.26321384754	-0.0667795239183
8.47506726869	-1.33067790412	0.0849683194323
8.49079095565	-1.45174744818	0.17490718883
8.5065146426	-1.3272878073	-0.00810815180257
8.52223832956	-1.45104227321	-0.179175747269
8.53796201651	-1.32758343182	-0.0317363197183
8.55368570347	-1.52401117085	0.0319176449534
8.56940939042	-1.20217438401	0.111300290362
8.58513307738	-1.25628587467	-0.0108525307072
8.60085676433	-1.18560657601	-0.00694618526464
8.61658045129	-1.24178415866	-0.0081455761831
8.63230413824	-1.07813214202	-0.032379774227
8.6480278252	-1.11159850823	0.112181884561
8.66375151215	-0.867840308263	-0.046321795073
8.67947519911	-0.945114846324	0.128664418369
8.69519888606	-0.837150930401	-0.0577972832152
8.71092257302	-0.829737557157	-0.000519901233465
8.72664625997	-0.628353261265	0.0164797458325
8.74236994693	-0.547005008061	-0.190604607334
8.75809363388	-0.525195573594	0.192279649902
8.77381732084	-0.540122176055	-0.0960155392046
8.78954100779	-0.281179848224	0.032705341533
8.80526469475	-0.332936800848	0.0494278649034
8.8209883817	-0.0672460161989	0.112502182238
8.83671206866	-0.124904023913	0.0103192164119
8.85243575561	0.0240648495384	0.0635009285332
8.86815944257	0.11572470849	0.00490367944978
8.88388312952	0.152225592315	0.0404506406167
8.89960681648	0.128720822907	0.110473633531
8.91533050343	0.335425262827	-0.00857373610117
8.93105419039	0.37670929846	0.156560764072
8.94677787734	0.653423836417	0.0783730204735
8.9625015643	0.569942211117	-0.0767250674283
8.97822525125	0.447536131868	0.0878230062717
8.99394893821	0.746164177314	0.127668113535
9.00967262516	0.968573655513	-0.0072000637086
9.02539631211	0.717680584112	-0.04599824291
9.04111999907	0.900948003167	-0.117048137055
9.05684368602	1.00684570231	-0.135872360792
9.07256737298	1.1245663238	-0.0790258349501
9.08829105993	1.04188666825	0.0367909599262
9.10401474689	1.1268270101	-0.0338066235937
9.11973843384	0.94269244356	-0.0477642460614
9.1354621208	1.12178223083	-0.113338310475
9.15118580775	1.09983196073	0.042918537794
9.16690949471	1.12140806952	-0.203146856213
9.18263318166	1.11179306642	0.0939022786092
9.19835686862	1.1495899706	-0.168886778433
9.21408055557	1.53021467218	0.0637207619743
9.22980424253	1.14612604551	0.0547928169057
9.24552792948	1.04355652918	0.00431654262292
9.26125161644	1.23120956962	-0.010003289417
9.27697530339	1.1085761318	0.00426659256447
9.29269899035	1.26895452314	0.0626412482396
9.3084226773	1.33194606101	-0.032022290589
9.32414636426	1.09009925666	0.228081670431
9.33987005121	1.17711099169	0.136049517813
9.35559373817	1.22717645766	0.181180262694
9.37131742512	1.1740449957	-0.0761469665404
9.38704111208	1.08949542309	0.0495550411415
9.40276479903	1.05801526121	-0.0889922513966
9.41848848599	1.02654812544	0.0871878119546
9.43421217294	0.984331609992	-0.198293479703
9.4499358599	1.2131508829	0.0434093155935
9.46565954685	0.852064147123	0.113213861129
9.48138323381	0.772795887833	-0.140277426856
9.49710692076	0.676173559622	-0.107693390182
9.51283060772	0.822684317093	-0.101517788649
9.52855429467	0.754752449199	0.0429166444273
9.54427798163	0.695149751397	0.159809966517
9.56000166858	0.643135979802	-0.00619015101496
9.57572535554	0.592275693001	0.186490993107
9.59144904249	0.59596912079	0.143376011861
9.60717272945	0.544253721142	0.0345350407052
9.6228964164	0.478331175884	-0.0145549807298
9.63862010336	0.449670094918	-0.0131020133149
9.65434379031	0.264109881559	-0.133967679618
9.67006747727	0.375652852326	-0.10191660327
9.68579116422	0.194896540432	-0.129923746031
9.70151485118	-0.00300402891192	-0.0229568446314
9.71723853813	0.12507800107	0.0895096876186
9.73296222509	0.155381630332	0.154353976418
9.74868591204	0.0669253913694	-0.0706080367018
9.764409599	0.115387991609	0.123259171448
9.78013328595	-0.112649871708	-0.00504652859539
9.79585697291	-0.117288508447	-0.122052572736
9.81158065986	0.000845949271009	-0.108465650064
9.82730434681	-0.189177983042	-0.00831914665654
9.84302803377	-0.198609531351	-0.0140519099915
9.85875172072	-0.105468228121	-0.0533285248814
9.87447540768	-0.272924352391	-0.108965919775
9.89019909463	-0.138493988248	0.00137147348825
9.90592278159	-0.200906421166	0.0342433313128
9.92164646854	-0.296703329218	0.117735700501
9.9373701555	-0.289914675309	-0.142600798888
9.95309384245	-0.225809113335	0.111602532722
9.96881752941	-0.332990988277	0.0294109587946
9.98454121636	-0.172201097625	-0.0845534690974
10.0002649033	-0.317492766176	-0.0799226310433
10.0159885903	-0.184598265752	0.0612467165405
10.0317122772	-0.373246793585	0.120764214434
10.0474359642	-0.144377060237	-0.00562037716737
10.0631596511	-0.527224032436	0.090451230816
10.0788833381	-0.335138315838	-0.0231111626202
10.094607025	-0.0730201730797	-0.241251692185
10.110330712	-0.245707919142	0.0220870284353
10.126054399	-0.419932985453	-0.0362245247
10.1417780859	-0.394727738105	-0.117517564456
10.1575017729	-0.32389896241	-0.103596336901
10.1732254598	-0.33051677802	-0.0838942397766
10.1889491468	-0.568635011153	-0.0898965498069
10.2046728337	-0.386272796306	-0.196263933982
10.2203965207	-0.549555253413	-0.00018025960206
10.2361202076	-0.270674546378	0.043329448307
10.2518438946	-0.477749055924	-0.0487122513459
10.2675675816	-0.306638226245	-0.0799084220752
10.2832912685	-0.223924599125	-0.217808300979
10.2990149555	-0.309254970754	-0.0546713293025
10.3147386424	-0.497683552026	0.0276743471713
10.3304623294	-0.446810682766	-0.06413752208
10.3461860163	-0.43825757253	0.0707738012077
10.3619097033	-0.403360340395	0.0770520327762
10.3776333902	-0.508834746975	0.0545803848985
10.3933570772	-0.516975439499	0.0797357355213
10.4090807641	-0.510767035028	0.100384335705
10.4248044511	-0.442691996832	0.181314269723
10.4405281381	-0.559755107275	-0.0838104618747
10.456251825	-0.613593737379	0.0190725903805
10.471975512	-0.629980517574	-0.0803790887624
10.4876991989	-0.587557875999	-0.154941480814
10.5034228859	-0.721699625811	0.0829466759166
10.5191465728	-0.593986314779	-0.102901387637
10.5348702598	-0.830499501659	-0.0490378231727
10.5505939467	-0.587752630256	-0.0801591932754
10.5663176337	-0.783142587663	-0.0224726624038
10.5820413207	-0.786414427759	0.0410018682958
10.5977650076	-0.890436297199	0.0767813770993
10.6134886946	-0.672738304842	0.0171212696399
10.6292123815	-0.938433174462	0.0720494234071
10.6449360685	-0.814875072931	-0.0119188200885
10.6606597554	-0.895493423745	0.0308341543899
10.6763834424	-0.654887849938	0.0322605998519
10.6921071293	-0.854717753066	-0.00725586591566
10.7078308163	-0.842689632093	-0.0376169706798
10.7235545032	-0.767413377361	0.0193891662717
10.7392781902	-0.776080582907	0.0544741428852
10.7550018772	-0.915939362486	0.09096233347
10.7707255641	-0.903717968629	-0.00885269860251
10.7864492511	-0.937201910149	-0.093874305779
10.802172938	-0.901736881031	-0.271009148898
10.817896625	-0.830460338263	-0.000636046862606
10.8336203119	-0.942888563463	0.0198531875743
10.8493439989	-0.692329315223	-0.106250246247
10.8650676858	-0.629046302145	-0.0221625269222
10.8807913728	-0.606790128567	-0.0196779520828
10.8965150597	-0.664529219399	0.0333392321822
10.9122387467	-0.589209032611	-0.0279742138998
10.9279624337	-0.573835583281	-0.175772697464
10.9436861206	-0.651335009595	0.0424419778871
10.9594098076	-0.556898382736	0.0593224768455
10.9751334945	-0.565234804601	-0.112551307648
10.9908571815	-0.438724295811	-0.164607756194
11.0065808684	-0.541706729278	0.0133897696057
11.0223045554	-0.433242633798	0.0822216684064
11.0380282423	-0.340420490819	0.0712045033307
11.0537519293	-0.3632133017	0.218891475736
11.0694756163	-0.191005444428	0.0135480319626
11.0851993032	-0.120985089026	0.0551045847748
11.1009229902	-0.0972224867562	-0.0144538329188
11.1166466771	-0.0445722887045	0.00427517001363
11.1323703641	0.141501491254	0.155298210914
11.148094051	0.0357051100298	0.00434750830819
11.163817738	0.229877282449	0.185583765887
11.1795414249	0.248589802907	0.197565685995
11.1952651119	0.142034952521	0.207206777984
11.2109887988	0.312437493489	-0.0655378724922
11.2267124858	0.451784840925	0.0559919611293
11.2424361728	0.471100456072	0.107159131575
11.2581598597	0.497909061623	0.0943999182064
11.2738835467	0.421230864335	-0.0437521438316
11.2896072336	0.772323315863	-0.0403896382036
11.3053309206	0.726333619394	-0.041901177703
11.3210546075	0.868986695355	0.077133885983
11.3367782945	0.930092331348	-0.00205003456931
11.3525019814	1.10612136704	-0.126245704795
11.3682256684	0.983555225768	0.00359127737714
11.3839493554	0.984722133553	-0.0343584302662
11.3996730423	1.06277572938	-0.00400079121282
11.4153967293	1.20386149209	0.102884395121
11.4311204162	1.26057072542	-0.0589714783483
11.4468441032	1.32674338673	-0.0562726597675
11.4625677901	1.37151579416	0.001311083562
11.4782914771	1.37189399202	0.0936782718885
11.494015164	1.32705475824	0.17011545909
11.509738851	1.33318798214	-0.0863938265183
11.5254625379	1.55809959334	0.0102580684554
11.5411862249	1.46140668385	0.00721979565422
11.5569099119	1.5256504393	0.0828187572951
11.5726335988	1.46570181178	0.0121471524439
11.5883572858	1.36439574836	0.0239944903629
11.6040809727	1.42670698786	-0.364529628497
11.6198046597	1.59890713959	-0.11140463048
11.6355283466	1.45253396171	-0.0266412517598
11.6512520336	1.50175458235	0.0181468909596
11.6669757205	1.48444033301	-0.115417786149
11.6826994075	1.17508111656	-0.0638291711269
11.6984230944	1.1303076354	-0.016088118062
11.7141467814	1.26794622833	-0.138062966735
11.7298704684	1.11646317895	0.26500545234
11.7455941553	1.24065141374	-0.0540513490088
11.7613178423	1.03676402242	0.105252520784
11.7770415292	1.01257863107	0.090138338113
11.7927652162	0.824404557668	0.153968898171
11.8084889031	0.972225279125	-0.0508279489257
11.8242125901	0.903603669803	0.125023460472
11.839936277	0.840256178014	0.163545271007
11.855659964	0.711647416156	-0.0756800043848
11.871383651	0.652926456098	-0.109654920202
11.8871073379	0.61585757892	-0.0970696517453
11.9028310249	0.602336756931	0.00364904441791
11.9185547118	0.384892229462	0.0258601120382
11.9342783988	0.359070115011	0.183303921325
11.9500020857	0.282168462825	-0.125557165059
11.9657257727	0.177201330563	0.112317582104
11.9814494596	0.0573958996344	0.151126102092
11.9971731466	0.0328848612891	-0.0874992722832
12.0128968335	-0.141064125354	-0.0145268980567
12.0286205205	-0.015793636433	0.0908701643109
12.0443442075	-0.296687153531	0.0511222927031
12.0600678944	-0.256807083329	0.103021525602
12.0757915814	-0.50798242806	-0.0194668259724
12.0915152683	-0.391613238063	0.00552694345479
12.1072389553	-0.608785794958	-0.0170129484865
12.1229626422	-0.578922079903	-0.197338752701
12.1386863292	-0.706992927152	0.0538017003085
12.1544100161	-0.731621998264	-0.0482111779199
12.1701337031	-0.750962060213	-0.118850344285
12.1858573901	-0.914625291745	-0.000887377869643
12.201581077	-0.903587491772	0.0646148661005
12.217304764	-1.00096872489	0.0559257539345
12.2330284509	-1.08036812167	0.0474538371803
12.2487521379	-0.989312362954	0.0306519470525
12.2644758248	-0.991896315929	-0.0556548723435
12.2801995118	-1.02359671061	0.00383340147539
12.2959231987	-1.20314725714	0.135220401298
12.3116468857	-1.25798163151	-0.0300262258529
12.3273705726	-1.37377577494	-0.0122283178922
12.3430942596	-1.25477198986	0.196119682392
12.3588179466	-1.12183556867	0.0991684213545
12.3745416335	-1.3556299528	-0.0913884062473
12.3902653205	-1.23507501761	0.00872910947681
12.4059890074	-1.35871823658	0.138046737595
12.4217126944	-1.18222304106	-0.046575368338
12.4374363813	-1.12779408634	0.036784667188
12.4531600683	-1.27347518744	0.0499908651056
12.4688837552	-1.26520421906	0.225991784473
12.4846074422	-1.10551356241	1.33267889624e-05
12.5003311291	-0.967038724028	-0.0416629687431
12.5160548161	-1.080907872	-0.00953035079974
12.5317785031	-1.10288899101	-0.0531296713557
12.54750219	-0.978854888345	-0.00426753804875
12.563225877	-0.993480893955	-0.0603044500243
12.5789495639	-1.06404827201	-0.0762163913546
12.5946732509	-1.01614852368	0.0478860740624
12.6103969378	-0.70140031473	0.00718315840021
12.6261206248	-0.880588140715	0.21088698751
12.6418443117	-0.749494661537	-0.0723866123911
12.6575679987	-0.832216817636	-0.121755765316
12.6732916857	-0.767499565558	0.107680315592
12.6890153726	-0.653992327098	0.107805888356
12.7047390596	-0.670369153079	-0.165662833722
12.7204627465	-0.577425432981	0.146344680111
12.7361864335	-0.500608996561	-0.144319628187
12.7519101204	-0.440242756201	0.0707315491442
12.7676338074	-0.480546398575	0.00956330840268
12.7833574943	-0.319576093375	0.0851046883879
12.7990811813	-0.294822494434	0.157497406251
12.8148048682	-0.304967499589	0.00415598476359
12.8305285552	-0.10215428913	0.19834867709
12.8462522422	-0.21841854252	0.0951475344183
12.8619759291	-0.0935882348706	0.227453424719
12.8776996161	-0.00307562361465	0.0680005899502
12.893423303	-0.121442188062	0.190629830562
12.90914699	-0.0574984045445	-0.127314431661
12.9248706769	-0.0702417436281	0.0159606533996
12.9405943639	-0.0683780206213	-0.0408239938161
12.9563180508	0.0426936585482	0.187005450326
12.9720417378	0.16603240615	0.0948298959684
12.9877654248	-0.136204027647	0.0994111109161
13.0034891117	0.217985700577	0.106810965879
13.0192127987	0.0455701825204	-0.0818826218271
13.0349364856	0.25783591287	0.0163089980888
13.0506601726	0.122902323803	-0.100718295661
13.0663838595	0.258804432828	0.00310412034556
13.0821075465	0.29848173631	0.015772246127
13.0978312334	0.296256444429	-0.0776099333863
13.1135549204	0.0159136464494	0.0730849182907
13.1292786073	0.256648724609	-0.0510739622734
13.1450022943	0.200102271625	-0.0292678120109
13.1607259813	0.355782024104	0.0398590556428
13.1764496682	0.0851270792191	0.188369755092
13.1921733552	0.208409580315	-0.122818643987
13.2078970421	0.258804378432	0.175953298343
13.2236207291	0.248375467919	-0.143035445757
13.239344416	0.192101184176	-0.0189962830307
13.255068103	0.373411114231	-0.0177538645575
13.2707917899	0.30907333686	0.0295069173051
13.2865154769	0.414000943888	-0.278868822014
13.3022391638	0.58217884403	-0.0506924463243
13.3179628508	0.449544677761	-0.0761579350744
13.3336865378	0.336369594391	-0.0231605991982
13.3494102247	0.346560678419	-0.0110891627756
13.3651339117	0.391659905481	0.0115192480608
13.3808575986	0.350996666611	-0.0612684019366
13.3965812856	0.493392007955	0.0626141172062
13.4123049725	0.337449672062	-0.2002468266
13.4280286595	0.244214788991	-0.11038330685
13.4437523464	0.268045865351	0.0264623765428
13.4594760334	0.437205431601	-0.036555195702
13.4751997204	0.469588393502	0.00803613161387
13.4909234073	0.493949049555	0.0946347137037
13.5066470943	0.261765743645	0.0702935383316
13.5223707812	0.401546680644	0.0579831229275
13.5380944682	0.349911311861	-0.0693941667566
13.5538181551	0.59582114947	-0.00145001387719
13.5695418421	0.58234339106	0.131743034588
13.585265529	0.384637251361	0.0324458053996
13.600989216	0.546928537688	0.0650343481389
13.6167129029	0.492322897807	0.142272377323
13.6324365899	0.560703721509	0.0578749053417
13.6481602769	0.565488048031	0.0281356111287
13.6638839638	0.454126136584	-0.125875189327
13.6796076508	0.619899276748	-0.113569604821
13.6953313377	0.668802352142	0.185464531874
13.7110550247	0.674891519641	-0.153174370382
13.7267787116	0.549388384784	-0.00203084979239
13.7425023986	0.659200955865	-0.210027670976
13.7582260855	0.77339292562	0.029899778582
13.7739497725	0.764100944681	0.100457788569
13.7896734595	0.752704493485	0.0271783742136
13.8053971464	0.976346313969	0.0296276183417
13.8211208334	0.818710662476	-0.0277306101742
13.8368445203	1.0298611401	-0.0874604436929
13.8525682073	1.00807251092	0.0407830104464
13.8682918942	1.03350620688	0.0379008127659
13.8840155812	0.92742200523	0.0518181449516
13.8997392681	1.00867907012	-0.0178525421269
13.9154629551	0.700599253107	-0.00506240339919
13.931186642	0.695214056069	0.0625535846327
13.946910329	0.955690493018	-0.053586281237
13.962634016	0.885107583045	-0.170213459497
13.9783577029	0.895705184137	-0.031686297816
13.9940813899	0.935602900345	-0.0491632837625
14.0098050768	0.70557925047	-0.0140957189515
14.0255287638	0.893552575858	0.0761088226493
14.0412524507	0.79309912028	0.153551384281
14.0569761377	0.851726747981	-0.0254311119297
14.0726998246	0.665530891351	-0.0903699677894
14.0884235116	0.84932354964	0.0123183229942
14.1041471985	0.647873441897	-0.174419472888
14.1198708855	0.54081379005	0.208048141184
14.1355945725	0.443988321532	-0.015520532776
14.1513182594	0.359983922915	-0.0898372565698
14.1670419464	0.340828945978	0.0944848503153
14.1827656333	0.380226498692	-0.0949987945537
14.1984893203	0.320703012662	0.229344235163
14.2142130072	0.271039879353	0.00504764906896
14.2299366942	0.234480176211	0.0719496071374
14.2456603811	0.0846760788236	0.124806017758
14.2613840681	-0.131594790441	-0.0631540076842
14.2771077551	-0.105011194427	-0.129399917668
14.292831442	-0.187527842913	-0.0368838847631
14.308555129	-0.13866641103	-0.0742781919576
14.3242788159	-0.232629183602	0.0286918421488
14.3400025029	-0.295219476457	-0.0236392888188
14.3557261898	-0.446692903695	0.109549774617
14.3714498768	-0.533454871132	-0.0163093635128
14.3871735637	-0.565084736926	0.0488155673013
14.4028972507	-0.794085071451	-0.038718213033
14.4186209376	-0.699691365318	0.0502726807179
14.4343446246	-0.568716523166	-0.0779259358716
14.4500683116	-0.803715117862	0.00437796015786
14.4657919985	-0.934356990648	-0.0296351039335
14.4815156855	-1.03965220149	-0.00825581931849
14.4972393724	-0.984838606171	0.046135116775
14.5129630594	-0.973718587282	0.146346275722
14.5286867463	-1.06075282973	-0.131183271275
14.5444104333	-1.18362066295	-0.117114066595
14.5601341202	-1.07265583604	-0.127269695191
14.5758578072	-1.14283975652	0.0936876314822
14.5915814942	-1.33281578551	-0.0502403434083
14.6073051811	-1.45048734892	0.0270704593219
14.6230288681	-1.4860427337	-0.0670851695186
14.638752555	-1.33343865214	-0.118436691889
14.654476242	-1.38318576065	0.328838187999
14.6701999289	-1.25773026152	-0.158376671879
14.6859236159	-1.45592308607	0.0210562050194
14.7016473028	-1.42154100966	0.0504858268879
14.7173709898	-1.44992471511	0.163397802076
14.7330946767	-1.55241565308	-0.112230424655
14.7488183637	-1.43361487803	0.087413377443
14.7645420507	-1.52639906841	0.0695430271721
14.7802657376	-1.29466059843	0.0862860289699
14.7959894246	-1.33024236848	0.0334385390971
14.8117131115	-1.12871287563	-0.0286821715814
14.8274367985	-1.37553678818	-0.0120627032598
14.8431604854	-1.37715538391	0.0626167386738
14.8588841724	-1.25530784906	0.165164541539
14.8746078593	-1.10161607613	0.0633314091203
14.8903315463	-1.10099246884	0.142441549639
14.9060552332	-1.17484485291	0.0129331267212
14.9217789202	-1.0554967487	-0.0115336912353
14.9375026072	-0.95459467536	-0.00969245395222
14.9532262941	-0.853811959054	-0.103423687717
14.9689499811	-0.689442066768	-0.0546375221938
14.984673668	-0.916021568732	-0.128493556058
15.000397355	-0.621290732586	0.0298960223902
15.0161210419	-0.586140466961	0.0693247663574
15.0318447289	-0.619254352949	0.0112428988671
15.0475684158	-0.359487464899	0.121691272829
15.0632921028	-0.344853320273	0.0445987758609
15.0790157898	-0.247974027959	-0.110941656675
15.0947394767	-0.159311652148	0.0181086294604
15.1104631637	-0.186175190104	-0.140548437083
15.1261868506	-0.0285787532519	-0.0383504785944
15.1419105376	0.0495996135738	0.0810846950597
15.1576342245	0.0180219131577	-0.0324838059007
15.1733579115	0.180210439659	-0.0202505179468
15.1890815984	0.151328219571	0.00268973163813
15.2048052854	0.243355023106	-0.0326705755377
15.2205289723	0.478372873565	-0.0964591372927
15.2362526593	0.371979603344	-0.018862201607
15.2519763463	0.518493305839	-0.0504271426365
15.2677000332	0.665640407776	0.141598682616
15.2834237202	0.700181366821	0.119274678396
15.2991474071	0.745407325863	0.142050385574
15.3148710941	1.01501059453	0.0894156727121
15.330594781	0.887469089657	-0.00478357014455
15.346318468	0.82683088656	0.027008512555
15.3620421549	0.85253005322	-0.0965628485115
15.3777658419	1.22871602592	0.149949928503
15.3934895289	1.13101943805	-0.0385607558326
15.4092132158	1.0198095726	0.0396651995446
15.4249369028	1.02173750028	-0.0251380408254
15.4406605897	1.29577458192	0.125845191783
15.4563842767	1.07312775171	-0.195325927367
15.4721079636	1.13096274579	-0.300503154709
15.4878316506	1.29822737042	-0.0876936328094
15.5035553375	1.38521876719	0.0153014951281
15.5192790245	1.15861041081	0.0550157302729
15.5350027114	0.957997365228	0.0636605744606
15.5507263984	1.30342531493	0.00330701631998
15.5664500854	1.38129428368	0.0347029785623
15.5821737723	1.32323622134	-0.173691303732
15.5978974593	1.27951790992	0.0851095420287
15.6136211462	1.20434378609	-0.0530428988213
15.6293448332	1.06455635884	-0.108428893629
15.6450685201	1.17067655176	0.0537603918193
15.6607922071	1.09641618839	-0.014196653816
15.676515894	0.94960189109	-0.0951178018855
15.692239581	0.941047317734	-0.0361723430479
15.7079632679	1.09506667286	0.0667973210647
